PTC_FR : 62.857142857142854
PTC_FR : 65.71428571428571
PTC_FR : 64.57142857142857

MUTAG : 87.22222222222224
MUTAG : 88.8888888888889
MUTAG : 89.44444444444446

NCI1 : 75.985401459854
NCI1 : 75.669099756691
NCI1 : 75.62043795620437

#graph_entropy
MUTAG : 35.0
PTC_FR : 65.42857142857143
NCI1 : 49.95133819951339
